Distancia sequencial paralelo total
745
       0.013935       53.091641       53.105576
745
       0.000286       53.210405       53.210692
745
       0.000292       53.082798       53.083091
745
       0.000282       53.085458       53.085741
745
       0.000280       53.101880       53.102160
745
       0.000284       53.079733       53.080017
745
       0.000276       53.115379       53.115655
745
       0.000285       53.111655       53.111940
745
       0.000291       53.089211       53.089502
745
       0.000292       53.096364       53.096656
745
       0.000279       53.203129       53.203408
745
       0.000273       53.088068       53.088341
745
       0.000285       53.081776       53.082062
745
       0.000278       53.105857       53.106135
745
       0.000296       53.096991       53.097287
745
       0.000276       53.091957       53.092234
745
       0.000290       53.087722       53.088012
745
       0.000275       53.080733       53.081008
745
       0.000277       53.103654       53.103931
745
       0.000295       53.084904       53.085199
