Distancia sequencial paralelo total
788    0.013331      117.070634      117.083965
788    0.000296      116.700917      116.701213
788    0.000336      116.577493      116.577829
788    0.000282      116.610815      116.611097
788    0.000290      116.593749      116.594038
788    0.000295      116.732999      116.733294
788    0.000298      116.604776      116.605074
788    0.000306      116.581461      116.581767
788    0.000288      116.587812      116.588099
788    0.000291      116.592276      116.592567
788    0.000294      116.872759      116.873053
788    0.000301      116.626850      116.627151
788    0.000293      116.592022      116.592316
788    0.000288      116.580074      116.580362
788    0.000300      116.637501      116.637800
788    0.000281      116.583801      116.584083
788    0.000288      116.601334      116.601623
788    0.000288      116.594850      116.595138
788    0.000291      116.580403      116.580695
788    0.000334      116.581087      116.581422
