Distancia sequencial paralelo total
695
       0.000886      264.875180      264.876067
695
       0.000308      264.872138      264.872446
695
       0.000295      264.890900      264.891195
695
       0.000297      264.908397      264.908695
695
       0.000287      265.481601      265.481889
695
       0.000307      264.901468      264.901775
695
       0.000321      264.857298      264.857620
695
       0.000298      264.881793      264.882091
695
       0.000348      264.885485      264.885833
695
       0.000291      264.876637      264.876928
695
       0.000284      264.936126      264.936410
695
       0.000294      264.872332      264.872626
695
       0.000289      265.024845      265.025134
695
       0.000297      264.879935      264.880232
695
       0.000297      264.919674      264.919971
695
       0.000304      264.863759      264.864063
695
       0.000286      264.866516      264.866803
695
       0.000365      265.083915      265.084281
695
       0.000290      264.869461      264.869752
695
       0.000289      265.304169      265.304458
