Distancia sequencial paralelo total
695        0.000060      142.433132      142.433192
695        0.000135      142.412195      142.412331
695        0.000138      143.471694      143.471832
695        0.000136      137.622963      137.623100
695        0.000055      139.006421      139.006476
695        0.000142      142.427289      142.427432
695        0.000135      142.422128      142.422263
695        0.000139      139.541240      139.541379
695        0.000136      142.393082      142.393219
695        0.000127      137.114613      137.114739
695        0.000136      142.404173      142.404310
695        0.000136      140.127321      140.127457
695        0.000129      142.421360      142.421490
695        0.000136      142.472314      142.472450
695        0.000136      142.538959      142.539096
695        0.000133      143.617287      143.617420
695        0.000138      140.105958      140.106096
695        0.000138      142.468956      142.469095
695        0.000134      142.459732      142.459867
695        0.000140      142.440823      142.440963
