Distancia sequencial paralelo total
788        0.000066       75.075488       75.075554
788        0.000134       74.876660       74.876793
788        0.000125       74.819777       74.819903
788        0.000130       74.907953       74.908083
788        0.000127       74.874659       74.874786
788        0.000128       74.844972       74.845100
788        0.000126       74.869357       74.869483
788        0.000124       74.831425       74.831549
788        0.000135       74.893091       74.893226
788        0.000127       74.846104       74.846232
788        0.000125       74.994969       74.995095
788        0.000128       74.882326       74.882455
788        0.000177       74.891594       74.891771
788        0.000133       74.950078       74.950212
788        0.000126       74.837727       74.837854
788        0.000125       74.869515       74.869640
788        0.000130       74.847751       74.847881
788        0.000121       74.846588       74.846709
788        0.000127       74.835217       74.835345
788        0.000127       74.848908       74.849035
