Distancia sequencial paralelo total
788        0.000050       74.821186       74.821236
788        0.000128       74.844901       74.845030
788        0.000165       74.810330       74.810496
788        0.000127       74.811598       74.811725
788        0.000127       74.974873       74.975000
788        0.000130       74.808781       74.808912
788        0.000131       74.866483       74.866614
788        0.000129       74.841365       74.841495
788        0.000132       74.825128       74.825260
788        0.000127       74.814621       74.814749
788        0.000126       74.914510       74.914636
788        0.000128       74.978665       74.978794
788        0.000125       74.891468       74.891593
788        0.000126       75.081986       75.082112
788        0.000130       74.875636       74.875766
788        0.000122       74.808835       74.808958
788        0.000128       74.809842       74.809970
788        0.000131       74.810744       74.810875
788        0.000123       74.873577       74.873701
788        0.000127       74.893938       74.894065
