Distancia sequencial paralelo total
745        0.000056       28.161993       28.162050
745        0.000120       29.281953       29.282073
745        0.000122       26.678901       26.679023
745        0.000125       29.911443       29.911568
745        0.000123       29.762221       29.762344
745        0.000130       29.763844       29.763974
745        0.000123       28.013988       28.014111
745        0.000126       29.848193       29.848319
745        0.000122       29.751645       29.751768
745        0.000123       29.810963       29.811087
745        0.000132       29.764909       29.765041
745        0.000123       30.667743       30.667866
745        0.000124       29.806874       29.806998
745        0.000124       29.913447       29.913571
745        0.000118       29.474329       29.474447
745        0.000124       29.532571       29.532695
745        0.000122       29.771784       29.771906
745        0.000122       29.770852       29.770975
745        0.000127       29.797246       29.797373
745        0.000127       29.772084       29.772212
