Distancia sequencial paralelo total
788        0.000064       52.146458       52.146523
788        0.000128       53.218708       53.218836
788        0.000121       53.220380       53.220501
788        0.000131       53.313270       53.313401
788        0.000126       51.935745       51.935871
788        0.000158       52.916562       52.916720
788        0.000128       53.298238       53.298366
788        0.000130       53.262118       53.262248
788        0.000128       53.299382       53.299510
788        0.000131       49.522357       49.522488
788        0.000125       53.302171       53.302296
788        0.000129       53.500563       53.500693
788        0.000133       53.232024       53.232158
788        0.000132       53.226532       53.226664
788        0.000128       53.285999       53.286127
788        0.000126       53.266393       53.266519
788        0.000132       53.191589       53.191721
788        0.000127       53.392020       53.392147
788        0.000134       53.234207       53.234342
788        0.000130       53.212905       53.213036
