Distancia sequencial paralelo total
745        0.000047       36.310753       36.310799
745        0.000120       36.127660       36.127779
745        0.000121       36.129708       36.129830
745        0.000123       36.188645       36.188768
745        0.000176       36.141252       36.141428
745        0.000125       36.156369       36.156494
745        0.000123       36.122426       36.122549
745        0.000116       36.140760       36.140876
745        0.000123       36.137408       36.137531
745        0.000130       36.185334       36.185465
745        0.000120       36.128168       36.128288
745        0.000118       36.135458       36.135576
745        0.000120       36.152835       36.152955
745        0.000122       36.152404       36.152527
745        0.000122       36.158648       36.158770
745        0.000127       36.128630       36.128757
745        0.000123       36.170577       36.170700
745        0.000123       36.172661       36.172784
745        0.000123       36.121805       36.121929
745        0.000123       36.142686       36.142810
