Distancia sequencial paralelo total
745        0.000047       36.233296       36.233343
745        0.000128       36.162963       36.163092
745        0.000124       36.198038       36.198162
745        0.000119       36.157698       36.157818
745        0.000124       36.127878       36.128003
745        0.000122       36.116679       36.116801
745        0.000125       36.133857       36.133982
745        0.000116       36.117579       36.117695
745        0.000119       36.122606       36.122725
745        0.000123       36.115340       36.115464
745        0.000123       36.115601       36.115725
745        0.000120       36.164370       36.164490
745        0.000126       36.121012       36.121138
745        0.000123       36.130344       36.130467
745        0.000123       36.131292       36.131414
745        0.000128       36.139364       36.139492
745        0.000126       36.135428       36.135554
745        0.000123       36.136938       36.137062
745        0.000124       36.140136       36.140260
745        0.000119       36.133269       36.133388
