Distancia sequencial paralelo total
695        0.000055      166.204218      166.204273
695        0.000130      165.884781      165.884912
695        0.000141      166.149036      166.149178
695        0.000133      165.919002      165.919135
695        0.000136      165.865546      165.865683
695        0.000142      165.965348      165.965490
695        0.000133      165.961025      165.961158
695        0.000133      165.893916      165.894050
695        0.000133      165.906370      165.906503
695        0.000139      165.868842      165.868982
695        0.000137      165.967326      165.967463
695        0.000135      166.069026      166.069161
695        0.000062      165.922546      165.922608
695        0.000134      165.908003      165.908137
695        0.000134      165.900720      165.900854
695        0.000139      166.009140      166.009280
695        0.000139      165.901306      165.901445
695        0.000133      165.894770      165.894903
695        0.000144      165.890455      165.890600
695        0.000165      166.012259      166.012425
