Distancia sequencial paralelo total
695        0.000052      166.002684      166.002737
695        0.000132      166.078730      166.078863
695        0.000133      165.925864      165.925997
695        0.000140      165.976756      165.976896
695        0.000140      165.997820      165.997960
695        0.000147      166.211124      166.211271
695        0.000132      165.976954      165.977086
695        0.000134      165.869025      165.869159
695        0.000133      165.916557      165.916690
695        0.000143      165.897574      165.897718
695        0.000138      165.921376      165.921515
695        0.000137      165.919403      165.919540
695        0.000133      166.016098      166.016231
695        0.000135      166.026002      166.026139
695        0.000135      166.011586      166.011722
695        0.000133      165.933318      165.933452
695        0.000134      165.947131      165.947265
695        0.000129      165.919056      165.919186
695        0.000133      165.911637      165.911770
695        0.000138      165.912969      165.913107
